{
 "cells": [
  {
   "cell_type": "code",
   "execution_count": 1,
   "id": "b038bbfe",
   "metadata": {},
   "outputs": [],
   "source": [
    "import argparse\n",
    "from models.HPM import HPM\n",
    "from txtfeeder import TXTFeeder\n",
    "import torch\n",
    "import time\n",
    "import os"
   ]
  },
  {
   "cell_type": "code",
   "execution_count": 3,
   "id": "87c8c642",
   "metadata": {},
   "outputs": [],
   "source": [
    "archive = torch.load(\"save/exp-24-L3 Thu Sep 16 12:25:27 2021.pt\")"
   ]
  },
  {
   "cell_type": "code",
   "execution_count": 4,
   "id": "49b42c99",
   "metadata": {},
   "outputs": [],
   "source": [
    "import sys\n",
    "from types import ModuleType, FunctionType\n",
    "from gc import get_referents\n",
    "\n",
    "# Custom objects know their class.\n",
    "# Function objects seem to know way too much, including modules.\n",
    "# Exclude modules as well.\n",
    "BLACKLIST = type, ModuleType, FunctionType\n",
    "\n",
    "\n",
    "def getsize(obj):\n",
    "    \"\"\"sum size of object & members.\"\"\"\n",
    "    if isinstance(obj, BLACKLIST):\n",
    "        raise TypeError('getsize() does not take argument of type: '+ str(type(obj)))\n",
    "    seen_ids = set()\n",
    "    size = 0\n",
    "    objects = [obj]\n",
    "    while objects:\n",
    "        need_referents = []\n",
    "        for obj in objects:\n",
    "            if not isinstance(obj, BLACKLIST) and id(obj) not in seen_ids:\n",
    "                seen_ids.add(id(obj))\n",
    "                size += sys.getsizeof(obj)\n",
    "                need_referents.append(obj)\n",
    "        objects = get_referents(*need_referents)\n",
    "    return size"
   ]
  },
  {
   "cell_type": "code",
   "execution_count": 5,
   "id": "5c93f7de",
   "metadata": {},
   "outputs": [
    {
     "data": {
      "text/plain": [
       "916260"
      ]
     },
     "execution_count": 5,
     "metadata": {},
     "output_type": "execute_result"
    }
   ],
   "source": [
    "getsize(archive)"
   ]
  },
  {
   "cell_type": "code",
   "execution_count": 6,
   "id": "23b6e1eb",
   "metadata": {},
   "outputs": [],
   "source": [
    "    layers = archive['layers']\n",
    "    randomSDR = archive['randomSDR']\n",
    "    L1feeder = archive['L1feeder']"
   ]
  },
  {
   "cell_type": "code",
   "execution_count": 7,
   "id": "7a08c0db",
   "metadata": {},
   "outputs": [],
   "source": [
    "torch.save(layers, 'layers.pt')"
   ]
  },
  {
   "cell_type": "code",
   "execution_count": 8,
   "id": "6f6c20ef",
   "metadata": {},
   "outputs": [],
   "source": [
    "torch.save(L1feeder, 'L1feeder.pt')"
   ]
  },
  {
   "cell_type": "code",
   "execution_count": 9,
   "id": "deac74a5",
   "metadata": {},
   "outputs": [],
   "source": [
    "torch.save(layers[0], 'layers1.pt')"
   ]
  },
  {
   "cell_type": "code",
   "execution_count": 10,
   "id": "e7837499",
   "metadata": {},
   "outputs": [],
   "source": [
    "torch.save(layers[0].net, 'layers1net.pt')"
   ]
  },
  {
   "cell_type": "code",
   "execution_count": 11,
   "id": "2c3ae938",
   "metadata": {},
   "outputs": [],
   "source": [
    "torch.save(layers[0].pooler, 'layers1pooler.pt')"
   ]
  },
  {
   "cell_type": "code",
   "execution_count": 12,
   "id": "923124f4",
   "metadata": {},
   "outputs": [],
   "source": [
    "torch.save(layers[0].losses, 'layers1losses.pt')"
   ]
  },
  {
   "cell_type": "code",
   "execution_count": 13,
   "id": "2e7c3ffd",
   "metadata": {},
   "outputs": [
    {
     "data": {
      "text/plain": [
       "[array([[0.08638571, 0.08051403, 0.04139928, ..., 0.03384189, 0.06502268,\n",
       "         0.08290751],\n",
       "        [0.08051403, 0.07504145, 0.03858535, ..., 0.03154164, 0.06060306,\n",
       "         0.07727224],\n",
       "        [0.04139928, 0.03858535, 0.01984009, ..., 0.0162183 , 0.03116131,\n",
       "         0.03973239],\n",
       "        ...,\n",
       "        [0.03384189, 0.03154164, 0.0162183 , ..., 0.01325767, 0.02547285,\n",
       "         0.03247929],\n",
       "        [0.06502268, 0.06060306, 0.03116131, ..., 0.02547285, 0.04894269,\n",
       "         0.06240463],\n",
       "        [0.08290751, 0.07727224, 0.03973239, ..., 0.03247929, 0.06240463,\n",
       "         0.07956935]], dtype=float32),\n",
       " array([[0.08836973, 0.08143626, 0.04220843, ..., 0.03440716, 0.06644577,\n",
       "         0.08462427],\n",
       "        [0.08143626, 0.07504679, 0.03889677, ..., 0.03170758, 0.06123245,\n",
       "         0.07798467],\n",
       "        [0.04220843, 0.03889677, 0.0201602 , ..., 0.01643405, 0.03173679,\n",
       "         0.04041947],\n",
       "        ...,\n",
       "        [0.03440716, 0.03170758, 0.01643405, ..., 0.01339659, 0.02587097,\n",
       "         0.03294885],\n",
       "        [0.06644577, 0.06123245, 0.03173679, ..., 0.02587097, 0.049961  ,\n",
       "         0.06362953],\n",
       "        [0.08462427, 0.07798467, 0.04041947, ..., 0.03294885, 0.06362953,\n",
       "         0.08103756]], dtype=float32),\n",
       " array([[0.08718196, 0.08119737, 0.0426139 , ..., 0.0340336 , 0.06541289,\n",
       "         0.08407497],\n",
       "        [0.08119737, 0.07562358, 0.03968868, ..., 0.03169737, 0.06092263,\n",
       "         0.07830364],\n",
       "        [0.0426139 , 0.03968868, 0.02082937, ..., 0.01663538, 0.03197334,\n",
       "         0.04109523],\n",
       "        ...,\n",
       "        [0.0340336 , 0.03169737, 0.01663538, ..., 0.01328584, 0.02553551,\n",
       "         0.03282071],\n",
       "        [0.06541289, 0.06092263, 0.03197334, ..., 0.02553551, 0.04907949,\n",
       "         0.0630817 ],\n",
       "        [0.08407497, 0.07830364, 0.04109523, ..., 0.03282071, 0.0630817 ,\n",
       "         0.08107869]], dtype=float32),\n",
       " array([[0.08104214, 0.07498503, 0.03945006, ..., 0.03112424, 0.06140756,\n",
       "         0.07853559],\n",
       "        [0.07498503, 0.06938063, 0.03650156, ..., 0.02879801, 0.05681795,\n",
       "         0.07266582],\n",
       "        [0.03945006, 0.03650156, 0.01920368, ..., 0.0151508 , 0.02989225,\n",
       "         0.03822991],\n",
       "        ...,\n",
       "        [0.03112424, 0.02879801, 0.0151508 , ..., 0.01195327, 0.02358358,\n",
       "         0.0301616 ],\n",
       "        [0.06140756, 0.05681795, 0.02989225, ..., 0.02358358, 0.04652997,\n",
       "         0.05950829],\n",
       "        [0.07853559, 0.07266582, 0.03822991, ..., 0.0301616 , 0.05950829,\n",
       "         0.07610656]], dtype=float32),\n",
       " array([[0.08959377, 0.0830022 , 0.04348791, ..., 0.03492351, 0.06756689,\n",
       "         0.08605157],\n",
       "        [0.0830022 , 0.07689559, 0.04028843, ..., 0.03235413, 0.06259587,\n",
       "         0.07972061],\n",
       "        [0.04348791, 0.04028843, 0.0211086 , ..., 0.01695152, 0.03279629,\n",
       "         0.04176857],\n",
       "        ...,\n",
       "        [0.03492351, 0.03235413, 0.01695152, ..., 0.01361313, 0.02633747,\n",
       "         0.03354277],\n",
       "        [0.06756689, 0.06259587, 0.03279629, ..., 0.02633747, 0.05095538,\n",
       "         0.06489555],\n",
       "        [0.08605157, 0.07972061, 0.04176857, ..., 0.03354277, 0.06489555,\n",
       "         0.08264942]], dtype=float32),\n",
       " array([[0.09337778, 0.08558698, 0.04479564, ..., 0.0363779 , 0.07005606,\n",
       "         0.08919051],\n",
       "        [0.08558698, 0.07844619, 0.0410582 , ..., 0.03334277, 0.06421106,\n",
       "         0.08174907],\n",
       "        [0.04479564, 0.0410582 , 0.02148958, ..., 0.01745138, 0.03360763,\n",
       "         0.0427869 ],\n",
       "        ...,\n",
       "        [0.0363779 , 0.03334277, 0.01745138, ..., 0.01417201, 0.02729227,\n",
       "         0.03474663],\n",
       "        [0.07005606, 0.06421106, 0.03360763, ..., 0.02729227, 0.05255909,\n",
       "         0.06691459],\n",
       "        [0.08919051, 0.08174907, 0.0427869 , ..., 0.03474663, 0.06691459,\n",
       "         0.085191  ]], dtype=float32),\n",
       " array([[0.08804966, 0.08128953, 0.0429441 , ..., 0.03443286, 0.06623378,\n",
       "         0.08484045],\n",
       "        [0.08128953, 0.07504842, 0.03964701, ..., 0.03178924, 0.0611486 ,\n",
       "         0.07832671],\n",
       "        [0.0429441 , 0.03964701, 0.02094495, ..., 0.0167938 , 0.03230393,\n",
       "         0.04137888],\n",
       "        ...,\n",
       "        [0.03443286, 0.03178924, 0.0167938 , ..., 0.01346538, 0.02590151,\n",
       "         0.03317786],\n",
       "        [0.06623378, 0.0611486 , 0.03230393, ..., 0.02590151, 0.04982319,\n",
       "         0.06381971],\n",
       "        [0.08484045, 0.07832671, 0.04137888, ..., 0.03317786, 0.06381971,\n",
       "         0.0817482 ]], dtype=float32),\n",
       " array([[0.08943483, 0.08252141, 0.0437042 , ..., 0.03522567, 0.06730691,\n",
       "         0.08613483],\n",
       "        [0.08252141, 0.0761424 , 0.04032581, ..., 0.03250268, 0.062104  ,\n",
       "         0.07947651],\n",
       "        [0.0437042 , 0.04032581, 0.02135697, ..., 0.01721376, 0.03289092,\n",
       "         0.04209158],\n",
       "        ...,\n",
       "        [0.03522567, 0.03250268, 0.01721376, ..., 0.01387433, 0.02651015,\n",
       "         0.03392591],\n",
       "        [0.06730691, 0.062104  , 0.03289092, ..., 0.02651015, 0.05065386,\n",
       "         0.06482339],\n",
       "        [0.08613483, 0.07947651, 0.04209158, ..., 0.03392591, 0.06482339,\n",
       "         0.0829566 ]], dtype=float32),\n",
       " array([[0.08584102, 0.0790865 , 0.04188136, ..., 0.03334387, 0.06489167,\n",
       "         0.08255158],\n",
       "        [0.0790865 , 0.07286347, 0.03858586, ..., 0.03072016, 0.05978558,\n",
       "         0.07605589],\n",
       "        [0.04188136, 0.03858586, 0.02043368, ..., 0.01626829, 0.03166028,\n",
       "         0.04027646],\n",
       "        ...,\n",
       "        [0.03334387, 0.03072016, 0.01626829, ..., 0.01295201, 0.02520636,\n",
       "         0.03206613],\n",
       "        [0.06489167, 0.05978558, 0.03166028, ..., 0.02520636, 0.04905498,\n",
       "         0.06240502],\n",
       "        [0.08255158, 0.07605589, 0.04027646, ..., 0.03206613, 0.06240502,\n",
       "         0.07938819]], dtype=float32),\n",
       " array([[0.09034282, 0.08250158, 0.05673086, ..., 0.03539772, 0.06788678,\n",
       "         0.08633977],\n",
       "        [0.08250158, 0.0753409 , 0.05180695, ..., 0.0323254 , 0.06199459,\n",
       "         0.07884596],\n",
       "        [0.05673086, 0.05180695, 0.0356242 , ..., 0.02222803, 0.04262957,\n",
       "         0.05421714],\n",
       "        ...,\n",
       "        [0.03539772, 0.0323254 , 0.02222803, ..., 0.01386938, 0.02659909,\n",
       "         0.03382926],\n",
       "        [0.06788678, 0.06199459, 0.04262957, ..., 0.02659909, 0.05101252,\n",
       "         0.06487875],\n",
       "        [0.08633977, 0.07884596, 0.05421714, ..., 0.03382926, 0.06487875,\n",
       "         0.08251409]], dtype=float32),\n",
       " array([[0.08986092, 0.08253969, 0.04384805, ..., 0.03549528, 0.06713237,\n",
       "         0.08599587],\n",
       "        [0.08253969, 0.07581494, 0.04027562, ..., 0.03260338, 0.0616629 ,\n",
       "         0.07898954],\n",
       "        [0.04384805, 0.04027562, 0.02139585, ..., 0.01732009, 0.03275755,\n",
       "         0.04196208],\n",
       "        ...,\n",
       "        [0.03549528, 0.03260338, 0.01732009, ..., 0.01402073, 0.02651745,\n",
       "         0.03396858],\n",
       "        [0.06713237, 0.0616629 , 0.03275755, ..., 0.02651745, 0.05015256,\n",
       "         0.0642449 ],\n",
       "        [0.08599587, 0.07898954, 0.04196208, ..., 0.03396858, 0.0642449 ,\n",
       "         0.08229706]], dtype=float32),\n",
       " array([[0.0811147 , 0.07440547, 0.03940579, ..., 0.04399754, 0.06141805,\n",
       "         0.07843247],\n",
       "        [0.07440547, 0.06825118, 0.03614642, ..., 0.04035838, 0.05633799,\n",
       "         0.0719451 ],\n",
       "        [0.03940579, 0.03614642, 0.01914346, ..., 0.02137415, 0.02983709,\n",
       "         0.03810275],\n",
       "        ...,\n",
       "        [0.04399754, 0.04035838, 0.02137415, ..., 0.02386477, 0.03331385,\n",
       "         0.04254267],\n",
       "        [0.06141805, 0.05633799, 0.02983709, ..., 0.03331385, 0.04650423,\n",
       "         0.05938713],\n",
       "        [0.07843247, 0.0719451 , 0.03810275, ..., 0.04254267, 0.05938713,\n",
       "         0.07583894]], dtype=float32),\n",
       " array([[0.09101783, 0.08386115, 0.04452514, ..., 0.03584917, 0.06840935,\n",
       "         0.08756334],\n",
       "        [0.08386115, 0.0772672 , 0.04102416, ..., 0.03303038, 0.06303035,\n",
       "         0.08067828],\n",
       "        [0.04452514, 0.04102416, 0.02178132, ..., 0.01753711, 0.03346527,\n",
       "         0.04283524],\n",
       "        ...,\n",
       "        [0.03584917, 0.03303038, 0.01753711, ..., 0.01411991, 0.02694437,\n",
       "         0.03448856],\n",
       "        [0.06840935, 0.06303035, 0.03346527, ..., 0.02694437, 0.05141672,\n",
       "         0.06581294],\n",
       "        [0.08756334, 0.08067828, 0.04283524, ..., 0.03448856, 0.06581294,\n",
       "         0.08423997]], dtype=float32),\n",
       " array([[0.09140422, 0.08411931, 0.04502576, ..., 0.03623918, 0.06854134,\n",
       "         0.08828972],\n",
       "        [0.08411931, 0.077415  , 0.04143721, ..., 0.03335092, 0.0630786 ,\n",
       "         0.08125304],\n",
       "        [0.04502576, 0.04143721, 0.02217971, ..., 0.01785144, 0.03376349,\n",
       "         0.04349155],\n",
       "        ...,\n",
       "        [0.03623918, 0.03335092, 0.01785144, ..., 0.01436781, 0.0271747 ,\n",
       "         0.03500437],\n",
       "        [0.06854134, 0.0630786 , 0.03376349, ..., 0.0271747 , 0.05139714,\n",
       "         0.06620587],\n",
       "        [0.08828972, 0.08125304, 0.04349155, ..., 0.03500437, 0.06620587,\n",
       "         0.08528134]], dtype=float32),\n",
       " array([[0.08955706, 0.08166906, 0.04324546, ..., 0.04772347, 0.06773274,\n",
       "         0.08599995],\n",
       "        [0.08166906, 0.07447582, 0.03943649, ..., 0.04352009, 0.06176699,\n",
       "         0.07842526],\n",
       "        [0.04324546, 0.03943649, 0.02088244, ..., 0.02304479, 0.0327069 ,\n",
       "         0.04152779],\n",
       "        ...,\n",
       "        [0.04772347, 0.04352009, 0.02304479, ..., 0.02543104, 0.03609366,\n",
       "         0.04582794],\n",
       "        [0.06773274, 0.06176699, 0.0327069 , ..., 0.03609366, 0.05122684,\n",
       "         0.06504247],\n",
       "        [0.08599995, 0.07842526, 0.04152779, ..., 0.04582794, 0.06504247,\n",
       "         0.08258412]], dtype=float32),\n",
       " array([[0.09237556, 0.08518749, 0.04516051, ..., 0.03617197, 0.06944955,\n",
       "         0.08896613],\n",
       "        [0.08518749, 0.07855876, 0.04164641, ..., 0.0333573 , 0.06404544,\n",
       "         0.08204336],\n",
       "        [0.04516051, 0.04164641, 0.02207804, ..., 0.01768373, 0.03395246,\n",
       "         0.04349371],\n",
       "        ...,\n",
       "        [0.03617197, 0.0333573 , 0.01768373, ..., 0.01416404, 0.02719471,\n",
       "         0.03483691],\n",
       "        [0.06944955, 0.06404544, 0.03395246, ..., 0.02719471, 0.05221338,\n",
       "         0.06688628],\n",
       "        [0.08896613, 0.08204336, 0.04349371, ..., 0.03483691, 0.06688628,\n",
       "         0.08568253]], dtype=float32),\n",
       " array([[0.083616  , 0.07673581, 0.04062175, ..., 0.03207468, 0.06353741,\n",
       "         0.0810408 ],\n",
       "        [0.07673581, 0.07042176, 0.03727927, ..., 0.02943548, 0.05830935,\n",
       "         0.07437251],\n",
       "        [0.04062175, 0.03727927, 0.01973458, ..., 0.0155823 , 0.03086731,\n",
       "         0.03937069],\n",
       "        ...,\n",
       "        [0.03207468, 0.02943548, 0.0155823 , ..., 0.01230369, 0.02437264,\n",
       "         0.03108685],\n",
       "        [0.06353741, 0.05830935, 0.03086731, ..., 0.02437264, 0.04828027,\n",
       "         0.06158059],\n",
       "        [0.0810408 , 0.07437251, 0.03937069, ..., 0.03108685, 0.06158059,\n",
       "         0.07854491]], dtype=float32),\n",
       " array([[0.09105579, 0.08368935, 0.04475194, ..., 0.0358685 , 0.06830127,\n",
       "         0.08782288],\n",
       "        [0.08368935, 0.07691886, 0.0411315 , ..., 0.03296673, 0.06277567,\n",
       "         0.08071798],\n",
       "        [0.04475194, 0.0411315 , 0.02199461, ..., 0.01762859, 0.03356859,\n",
       "         0.04316304],\n",
       "        ...,\n",
       "        [0.0358685 , 0.03296673, 0.01762859, ..., 0.01412924, 0.02690509,\n",
       "         0.034595  ],\n",
       "        [0.06830127, 0.06277567, 0.03356859, ..., 0.02690509, 0.05123302,\n",
       "         0.06587625],\n",
       "        [0.08782288, 0.08071798, 0.04316304, ..., 0.034595  , 0.06587625,\n",
       "         0.08470475]], dtype=float32),\n",
       " array([[0.09315445, 0.08477378, 0.04442727, ..., 0.03619764, 0.0701746 ,\n",
       "         0.08905938],\n",
       "        [0.08477378, 0.07714708, 0.04043036, ..., 0.0329411 , 0.06386132,\n",
       "         0.08104713],\n",
       "        [0.04442727, 0.04043036, 0.02118828, ..., 0.0172634 , 0.03346771,\n",
       "         0.04247425],\n",
       "        ...,\n",
       "        [0.03619764, 0.0329411 , 0.0172634 , ..., 0.01406555, 0.0272682 ,\n",
       "         0.03460639],\n",
       "        [0.0701746 , 0.06386132, 0.03346771, ..., 0.0272682 , 0.05286354,\n",
       "         0.06708972],\n",
       "        [0.08905938, 0.08104713, 0.04247425, ..., 0.03460639, 0.06708972,\n",
       "         0.08514433]], dtype=float32),\n",
       " array([[0.08405153, 0.07697196, 0.04073894, ..., 0.03202466, 0.06377059,\n",
       "         0.0814088 ],\n",
       "        [0.07697196, 0.0704887 , 0.03730754, ..., 0.02932725, 0.05839926,\n",
       "         0.07455182],\n",
       "        [0.04073894, 0.03730754, 0.01974576, ..., 0.01552203, 0.03090897,\n",
       "         0.03945803],\n",
       "        ...,\n",
       "        [0.03202466, 0.02932725, 0.01552203, ..., 0.01220178, 0.02429737,\n",
       "         0.03101774],\n",
       "        [0.06377059, 0.05839926, 0.03090897, ..., 0.02429737, 0.04838327,\n",
       "         0.06176553],\n",
       "        [0.0814088 , 0.07455182, 0.03945803, ..., 0.03101774, 0.06176553,\n",
       "         0.07884915]], dtype=float32),\n",
       " array([[0.09488266, 0.08722435, 0.04673093, ..., 0.03723755, 0.07118788,\n",
       "         0.09160464],\n",
       "        [0.08722435, 0.08018417, 0.04295911, ..., 0.03423198, 0.06544206,\n",
       "         0.08421092],\n",
       "        [0.04673093, 0.04295911, 0.02301558, ..., 0.01833997, 0.03506095,\n",
       "         0.04511647],\n",
       "        ...,\n",
       "        [0.03723755, 0.03423198, 0.01833997, ..., 0.01461421, 0.02793832,\n",
       "         0.03595106],\n",
       "        [0.07118788, 0.06544206, 0.03506095, ..., 0.02793832, 0.05341034,\n",
       "         0.06872848],\n",
       "        [0.09160464, 0.08421092, 0.04511647, ..., 0.03595106, 0.06872848,\n",
       "         0.08843988]], dtype=float32),\n",
       " array([[0.09162159, 0.08349589, 0.05754168, ..., 0.03472365, 0.06937305,\n",
       "         0.08788115],\n",
       "        [0.08349589, 0.07609082, 0.05243844, ..., 0.03164409, 0.06322051,\n",
       "         0.08008717],\n",
       "        [0.05754168, 0.05243844, 0.03613826, ..., 0.02180771, 0.04356879,\n",
       "         0.05519255],\n",
       "        ...,\n",
       "        [0.03472365, 0.03164409, 0.02180771, ..., 0.01315991, 0.02629168,\n",
       "         0.03330606],\n",
       "        [0.06937305, 0.06322051, 0.04356879, ..., 0.02629168, 0.05252713,\n",
       "         0.0665409 ],\n",
       "        [0.08788115, 0.08008717, 0.05519255, ..., 0.03330606, 0.0665409 ,\n",
       "         0.0842934 ]], dtype=float32),\n",
       " array([[0.0936828 , 0.08568797, 0.04540473, ..., 0.03639755, 0.070188  ,\n",
       "         0.08973072],\n",
       "        [0.08568797, 0.07837542, 0.04152992, ..., 0.03329141, 0.0641982 ,\n",
       "         0.08207315],\n",
       "        [0.04540473, 0.04152992, 0.02200606, ..., 0.0176406 , 0.03401763,\n",
       "         0.0434893 ],\n",
       "        ...,\n",
       "        [0.03639755, 0.03329141, 0.0176406 , ..., 0.01414114, 0.02726937,\n",
       "         0.03486209],\n",
       "        [0.070188  , 0.0641982 , 0.03401763, ..., 0.02726937, 0.05258548,\n",
       "         0.06722706],\n",
       "        [0.08973072, 0.08207315, 0.0434893 , ..., 0.03486209, 0.06722706,\n",
       "         0.08594535]], dtype=float32),\n",
       " array([[0.08597039, 0.07877648, 0.04146386, ..., 0.03263585, 0.06536817,\n",
       "         0.08331735],\n",
       "        [0.07877648, 0.07218454, 0.0379942 , ..., 0.02990492, 0.05989822,\n",
       "         0.07634544],\n",
       "        [0.04146386, 0.0379942 , 0.01999818, ..., 0.0157404 , 0.03152732,\n",
       "         0.04018428],\n",
       "        ...,\n",
       "        [0.03263585, 0.02990492, 0.0157404 , ..., 0.01238913, 0.02481489,\n",
       "         0.03162871],\n",
       "        [0.06536817, 0.05989822, 0.03152732, ..., 0.02481489, 0.04970312,\n",
       "         0.06335091],\n",
       "        [0.08331735, 0.07634544, 0.04018428, ..., 0.03162871, 0.06335091,\n",
       "         0.08074618]], dtype=float32),\n",
       " array([[0.09125929, 0.08386235, 0.04341821, ..., 0.0355654 , 0.0689987 ,\n",
       "         0.08764786],\n",
       "        [0.08386235, 0.07706496, 0.03989898, ..., 0.03268268, 0.06340608,\n",
       "         0.08054364],\n",
       "        [0.04341821, 0.03989898, 0.02065697, ..., 0.01692086, 0.03282735,\n",
       "         0.04170001],\n",
       "        ...,\n",
       "        [0.0355654 , 0.03268268, 0.01692086, ..., 0.01386048, 0.02689005,\n",
       "         0.03415796],\n",
       "        [0.0689987 , 0.06340608, 0.03282735, ..., 0.02689005, 0.05216807,\n",
       "         0.0662682 ],\n",
       "        [0.08764786, 0.08054364, 0.04170001, ..., 0.03415796, 0.0662682 ,\n",
       "         0.08417933]], dtype=float32),\n",
       " array([[0.08829743, 0.08017233, 0.0423371 , ..., 0.04758376, 0.06674366,\n",
       "         0.08463552],\n",
       "        [0.08017233, 0.0727949 , 0.03844125, ..., 0.04320512, 0.06060193,\n",
       "         0.07684739],\n",
       "        [0.0423371 , 0.03844125, 0.02029991, ..., 0.02281559, 0.03200243,\n",
       "         0.04058127],\n",
       "        ...,\n",
       "        [0.04758376, 0.04320512, 0.02281559, ..., 0.02564304, 0.03596836,\n",
       "         0.04561035],\n",
       "        [0.06674366, 0.06060193, 0.03200243, ..., 0.03596836, 0.05045125,\n",
       "         0.06397563],\n",
       "        [0.08463552, 0.07684739, 0.04058127, ..., 0.04561035, 0.06397563,\n",
       "         0.08112548]], dtype=float32),\n",
       " array([[0.09431152, 0.08679525, 0.04556104, ..., 0.03641538, 0.07100619,\n",
       "         0.09079866],\n",
       "        [0.08679525, 0.07987799, 0.04192999, ..., 0.03351321, 0.06534727,\n",
       "         0.08356235],\n",
       "        [0.04556104, 0.04192999, 0.02201012, ..., 0.01759194, 0.03430245,\n",
       "         0.04386401],\n",
       "        ...,\n",
       "        [0.03641538, 0.03351321, 0.01759194, ..., 0.01406064, 0.02741678,\n",
       "         0.03505901],\n",
       "        [0.07100619, 0.06534727, 0.03430245, ..., 0.02741678, 0.05345985,\n",
       "         0.0683614 ],\n",
       "        [0.09079866, 0.08356235, 0.04386401, ..., 0.03505901, 0.0683614 ,\n",
       "         0.08741665]], dtype=float32),\n",
       " array([[0.09005015, 0.08203776, 0.04311915, ..., 0.03469595, 0.06829839,\n",
       "         0.08659147],\n",
       "        [0.08203776, 0.0747383 , 0.03928254, ..., 0.03160882, 0.06222142,\n",
       "         0.07888683],\n",
       "        [0.04311915, 0.03928254, 0.02064695, ..., 0.01661363, 0.03270365,\n",
       "         0.04146301],\n",
       "        ...,\n",
       "        [0.03469595, 0.03160882, 0.01661363, ..., 0.01336821, 0.02631509,\n",
       "         0.03336334],\n",
       "        [0.06829839, 0.06222142, 0.03270365, ..., 0.02631509, 0.05180081,\n",
       "         0.06567516],\n",
       "        [0.08659147, 0.07888683, 0.04146301, ..., 0.03336334, 0.06567516,\n",
       "         0.08326563]], dtype=float32),\n",
       " array([[0.08106067, 0.07440604, 0.03876846, ..., 0.03157781, 0.06152714,\n",
       "         0.07834137],\n",
       "        [0.07440604, 0.06829773, 0.03558579, ..., 0.02898545, 0.05647611,\n",
       "         0.07190999],\n",
       "        [0.03876846, 0.03558579, 0.01854159, ..., 0.01510255, 0.02942626,\n",
       "         0.03746792],\n",
       "        ...,\n",
       "        [0.03157781, 0.02898545, 0.01510255, ..., 0.01230138, 0.02396838,\n",
       "         0.03051849],\n",
       "        [0.06152714, 0.05647611, 0.02942626, ..., 0.02396838, 0.04670069,\n",
       "         0.05946312],\n",
       "        [0.07834137, 0.07190999, 0.03746792, ..., 0.03051849, 0.05946312,\n",
       "         0.07571331]], dtype=float32),\n",
       " array([[0.08130829, 0.07483908, 0.03896562, ..., 0.03176133, 0.06174229,\n",
       "         0.07872655],\n",
       "        [0.07483908, 0.06888459, 0.03586536, ..., 0.02923427, 0.05682983,\n",
       "         0.07246275],\n",
       "        [0.03896562, 0.03586536, 0.01867361, ..., 0.01522108, 0.02958895,\n",
       "         0.03772837],\n",
       "        ...,\n",
       "        [0.03176133, 0.02923427, 0.01522108, ..., 0.01240688, 0.02411829,\n",
       "         0.03075283],\n",
       "        [0.06174229, 0.05682983, 0.02958895, ..., 0.02411829, 0.04688465,\n",
       "         0.05978182],\n",
       "        [0.07872655, 0.07246275, 0.03772837, ..., 0.03075283, 0.05978182,\n",
       "         0.07622679]], dtype=float32),\n",
       " array([[0.08342441, 0.0758995 , 0.03973016, ..., 0.03233712, 0.06284137,\n",
       "         0.08028681],\n",
       "        [0.0758995 , 0.06905334, 0.03614649, ..., 0.02942031, 0.05717306,\n",
       "         0.07304492],\n",
       "        [0.03973016, 0.03614649, 0.01892115, ..., 0.01540028, 0.02992767,\n",
       "         0.0382359 ],\n",
       "        ...,\n",
       "        [0.03233712, 0.02942031, 0.01540028, ..., 0.01253458, 0.02435869,\n",
       "         0.03112092],\n",
       "        [0.06284137, 0.05717306, 0.02992767, ..., 0.02435869, 0.04733672,\n",
       "         0.0604779 ],\n",
       "        [0.08028681, 0.07304492, 0.0382359 , ..., 0.03112092, 0.0604779 ,\n",
       "         0.07726721]], dtype=float32),\n",
       " array([[0.08482001, 0.07744421, 0.04038324, ..., 0.03259107, 0.06384791,\n",
       "         0.08149701],\n",
       "        [0.07744421, 0.0707098 , 0.03687159, ..., 0.02975701, 0.05829581,\n",
       "         0.07441018],\n",
       "        [0.04038324, 0.03687159, 0.01922667, ..., 0.01551678, 0.03039831,\n",
       "         0.03880114],\n",
       "        ...,\n",
       "        [0.03259107, 0.02975701, 0.01551678, ..., 0.01252273, 0.02453279,\n",
       "         0.03131425],\n",
       "        [0.06384791, 0.05829581, 0.03039831, ..., 0.02453279, 0.04806124,\n",
       "         0.06134653],\n",
       "        [0.08149701, 0.07441018, 0.03880114, ..., 0.03131425, 0.06134653,\n",
       "         0.0783042 ]], dtype=float32),\n",
       " array([[0.08380982, 0.07637832, 0.03977604, ..., 0.04432702, 0.06373289,\n",
       "         0.08063011],\n",
       "        [0.07637832, 0.06960577, 0.03624905, ..., 0.04039649, 0.05808163,\n",
       "         0.07348055],\n",
       "        [0.03977604, 0.03624905, 0.01887766, ..., 0.02103755, 0.03024755,\n",
       "         0.03826695],\n",
       "        ...,\n",
       "        [0.04432702, 0.04039649, 0.02103755, ..., 0.02344456, 0.03370833,\n",
       "         0.04264526],\n",
       "        [0.06373289, 0.05808163, 0.03024755, ..., 0.03370833, 0.04846546,\n",
       "         0.06131489],\n",
       "        [0.08063011, 0.07348055, 0.03826695, ..., 0.04264526, 0.06131489,\n",
       "         0.07757103]], dtype=float32),\n",
       " array([[0.08742437, 0.08039769, 0.04205739, ..., 0.03345637, 0.06582823,\n",
       "         0.08413435],\n",
       "        [0.08039769, 0.07393578, 0.03867706, ..., 0.03076734, 0.06053733,\n",
       "         0.0773721 ],\n",
       "        [0.04205739, 0.03867706, 0.02023263, ..., 0.01609492, 0.0316681 ,\n",
       "         0.04047466],\n",
       "        ...,\n",
       "        [0.03345637, 0.03076734, 0.01609492, ..., 0.0128034 , 0.02519176,\n",
       "         0.03219732],\n",
       "        [0.06582823, 0.06053733, 0.0316681 , ..., 0.02519176, 0.04956691,\n",
       "         0.06335093],\n",
       "        [0.08413435, 0.0773721 , 0.04047466, ..., 0.03219732, 0.06335093,\n",
       "         0.08096814]], dtype=float32),\n",
       " array([[0.10510238, 0.0830598 , 0.04338815, ..., 0.03395581, 0.06911061,\n",
       "         0.08801123],\n",
       "        [0.0830598 , 0.06564008, 0.03428857, ..., 0.02683443, 0.05461639,\n",
       "         0.06955308],\n",
       "        [0.04338815, 0.03428857, 0.0179114 , ..., 0.01401757, 0.0285301 ,\n",
       "         0.03633261],\n",
       "        ...,\n",
       "        [0.03395581, 0.02683443, 0.01401757, ..., 0.01097023, 0.02232782,\n",
       "         0.02843411],\n",
       "        [0.06911061, 0.05461639, 0.0285301 , ..., 0.02232782, 0.04544403,\n",
       "         0.05787224],\n",
       "        [0.08801123, 0.06955308, 0.03633261, ..., 0.02843411, 0.05787224,\n",
       "         0.07369935]], dtype=float32),\n",
       " array([[0.0831264 , 0.07641859, 0.04001157, ..., 0.04407522, 0.06348338,\n",
       "         0.08047505],\n",
       "        [0.07641859, 0.07025205, 0.03678287, ..., 0.04051861, 0.05836064,\n",
       "         0.07398117],\n",
       "        [0.04001157, 0.03678287, 0.01925894, ..., 0.02121491, 0.03055672,\n",
       "         0.03873539],\n",
       "        ...,\n",
       "        [0.04407522, 0.04051861, 0.02121491, ..., 0.02336953, 0.03366011,\n",
       "         0.04266942],\n",
       "        [0.06348338, 0.05836064, 0.03055672, ..., 0.03366011, 0.04848206,\n",
       "         0.06145855],\n",
       "        [0.08047505, 0.07398117, 0.03873539, ..., 0.04266942, 0.06145855,\n",
       "         0.07790826]], dtype=float32),\n",
       " array([[0.09423945, 0.08762784, 0.04580892, ..., 0.03599793, 0.07175317,\n",
       "         0.09170967],\n",
       "        [0.08762784, 0.08148009, 0.04259507, ..., 0.03347241, 0.06671914,\n",
       "         0.08527555],\n",
       "        [0.04580892, 0.04259507, 0.02226728, ..., 0.01749826, 0.03487854,\n",
       "         0.04457921],\n",
       "        ...,\n",
       "        [0.03599793, 0.03347241, 0.01749826, ..., 0.01375062, 0.02740854,\n",
       "         0.0350316 ],\n",
       "        [0.07175317, 0.06671914, 0.03487854, ..., 0.02740854, 0.05463229,\n",
       "         0.06982701],\n",
       "        [0.09170967, 0.08527555, 0.04457921, ..., 0.0350316 , 0.06982701,\n",
       "         0.08924779]], dtype=float32),\n",
       " array([[0.08415227, 0.07821275, 0.04076869, ..., 0.03179053, 0.06513873,\n",
       "         0.08268104],\n",
       "        [0.07821275, 0.07269245, 0.03789121, ..., 0.02954674, 0.0605412 ,\n",
       "         0.07684537],\n",
       "        [0.04076869, 0.03789121, 0.01975094, ..., 0.01540135, 0.03155733,\n",
       "         0.04005594],\n",
       "        ...,\n",
       "        [0.03179053, 0.02954674, 0.01540135, ..., 0.01200963, 0.02460771,\n",
       "         0.03123474],\n",
       "        [0.06513873, 0.0605412 , 0.03155733, ..., 0.02460771, 0.05042115,\n",
       "         0.06399992],\n",
       "        [0.08268104, 0.07684537, 0.04005594, ..., 0.03123474, 0.06399992,\n",
       "         0.08123555]], dtype=float32),\n",
       " array([[0.08978073, 0.08362771, 0.04376137, ..., 0.03389885, 0.06952298,\n",
       "         0.08803067],\n",
       "        [0.08362771, 0.07789637, 0.04076223, ..., 0.03157563, 0.06475829,\n",
       "         0.08199757],\n",
       "        [0.04376137, 0.04076223, 0.02133038, ..., 0.01652315, 0.03388723,\n",
       "         0.04290834],\n",
       "        ...,\n",
       "        [0.03389885, 0.03157563, 0.01652315, ..., 0.01279932, 0.02625005,\n",
       "         0.03323807],\n",
       "        [0.06952298, 0.06475829, 0.03388723, ..., 0.02625005, 0.0538361 ,\n",
       "         0.06816778],\n",
       "        [0.08803067, 0.08199757, 0.04290834, ..., 0.03323807, 0.06816778,\n",
       "         0.08631471]], dtype=float32),\n",
       " array([[0.09258591, 0.08660262, 0.04534625, ..., 0.03526373, 0.07142724,\n",
       "         0.0909695 ],\n",
       "        [0.08660262, 0.08100601, 0.04241578, ..., 0.03298484, 0.06681132,\n",
       "         0.08509067],\n",
       "        [0.04534625, 0.04241578, 0.02220945, ..., 0.01727129, 0.03498327,\n",
       "         0.04455457],\n",
       "        ...,\n",
       "        [0.03526373, 0.03298484, 0.01727129, ..., 0.0134311 , 0.02720491,\n",
       "         0.03464808],\n",
       "        [0.07142724, 0.06681132, 0.03498327, ..., 0.02720491, 0.05510397,\n",
       "         0.07018023],\n",
       "        [0.0909695 , 0.08509067, 0.04455457, ..., 0.03464808, 0.07018023,\n",
       "         0.08938131]], dtype=float32),\n",
       " array([[0.0836998 , 0.07833648, 0.04094828, ..., 0.03215238, 0.06500759,\n",
       "         0.08249296],\n",
       "        [0.07833648, 0.07331682, 0.03832439, ..., 0.03009212, 0.06084203,\n",
       "         0.07720696],\n",
       "        [0.04094828, 0.03832439, 0.02003304, ..., 0.01572984, 0.03180353,\n",
       "         0.04035785],\n",
       "        ...,\n",
       "        [0.03215238, 0.03009212, 0.01572984, ..., 0.012351  , 0.02497197,\n",
       "         0.03168879],\n",
       "        [0.06500759, 0.06084203, 0.03180353, ..., 0.02497197, 0.05048981,\n",
       "         0.06407026],\n",
       "        [0.08249296, 0.07720696, 0.04035785, ..., 0.03168879, 0.06407026,\n",
       "         0.08130351]], dtype=float32),\n",
       " array([[0.07893446, 0.07396966, 0.03875266, ..., 0.0305557 , 0.06133207,\n",
       "         0.07813179],\n",
       "        [0.07396966, 0.06931714, 0.03631521, ..., 0.02863382, 0.05747443,\n",
       "         0.07321748],\n",
       "        [0.03875266, 0.03631521, 0.01902552, ..., 0.01500124, 0.03011082,\n",
       "         0.0383586 ],\n",
       "        ...,\n",
       "        [0.0305557 , 0.02863382, 0.01500124, ..., 0.01182818, 0.02374178,\n",
       "         0.03024499],\n",
       "        [0.06133207, 0.05747443, 0.03011082, ..., 0.02374178, 0.04765502,\n",
       "         0.0607084 ],\n",
       "        [0.07813179, 0.07321748, 0.0383586 , ..., 0.03024499, 0.0607084 ,\n",
       "         0.07733729]], dtype=float32),\n",
       " array([[0.07625829, 0.07210943, 0.0377252 , ..., 0.02882548, 0.06007094,\n",
       "         0.07638892],\n",
       "        [0.07210943, 0.0681863 , 0.03567275, ..., 0.02725722, 0.05680276,\n",
       "         0.07223295],\n",
       "        [0.0377252 , 0.03567275, 0.01866277, ..., 0.01426005, 0.02971727,\n",
       "         0.03778982],\n",
       "        ...,\n",
       "        [0.02882548, 0.02725722, 0.01426005, ..., 0.01089598, 0.0227067 ,\n",
       "         0.02887486],\n",
       "        [0.06007094, 0.05680276, 0.02971727, ..., 0.0227067 , 0.04731969,\n",
       "         0.06017384],\n",
       "        [0.07638892, 0.07223295, 0.03778982, ..., 0.02887486, 0.06017384,\n",
       "         0.07651977]], dtype=float32),\n",
       " array([[0.08383676, 0.07946779, 0.04135827, ..., 0.03233006, 0.0656718 ,\n",
       "         0.08324485],\n",
       "        [0.07946779, 0.0753265 , 0.03920298, ..., 0.03064525, 0.06224946,\n",
       "         0.07890673],\n",
       "        [0.04135827, 0.03920298, 0.02040282, ..., 0.01594904, 0.03239715,\n",
       "         0.04106627],\n",
       "        ...,\n",
       "        [0.03233006, 0.03064525, 0.01594904, ..., 0.01246748, 0.02532509,\n",
       "         0.0321018 ],\n",
       "        [0.0656718 , 0.06224946, 0.03239715, ..., 0.02532509, 0.05144266,\n",
       "         0.06520814],\n",
       "        [0.08324485, 0.07890673, 0.04106627, ..., 0.0321018 , 0.06520814,\n",
       "         0.08265713]], dtype=float32),\n",
       " array([[0.08652455, 0.08163595, 0.04234849, ..., 0.04632941, 0.06786614,\n",
       "         0.08586675],\n",
       "        [0.08163595, 0.07702354, 0.03995581, ..., 0.04371182, 0.06403173,\n",
       "         0.08101531],\n",
       "        [0.04234849, 0.03995581, 0.020727  , ..., 0.02267542, 0.03321633,\n",
       "         0.04202653],\n",
       "        ...,\n",
       "        [0.04632941, 0.04371182, 0.02267542, ..., 0.024807  , 0.0363388 ,\n",
       "         0.04597719],\n",
       "        [0.06786614, 0.06403173, 0.03321633, ..., 0.0363388 , 0.05323128,\n",
       "         0.06735019],\n",
       "        [0.08586675, 0.08101531, 0.04202653, ..., 0.04597719, 0.06735019,\n",
       "         0.08521394]], dtype=float32),\n",
       " array([[0.08597141, 0.0821365 , 0.04314453, ..., 0.0331284 , 0.06735626,\n",
       "         0.08594628],\n",
       "        [0.0821365 , 0.07847265, 0.04121999, ..., 0.03165064, 0.06435171,\n",
       "         0.08211249],\n",
       "        [0.04314453, 0.04121999, 0.02165197, ..., 0.0166254 , 0.03380257,\n",
       "         0.04313192],\n",
       "        ...,\n",
       "        [0.0331284 , 0.03165064, 0.0166254 , ..., 0.01276576, 0.0259552 ,\n",
       "         0.03311871],\n",
       "        [0.06735626, 0.06435171, 0.03380257, ..., 0.0259552 , 0.0527718 ,\n",
       "         0.06733657],\n",
       "        [0.08594628, 0.08211249, 0.04313192, ..., 0.03311871, 0.06733657,\n",
       "         0.08592116]], dtype=float32),\n",
       " array([[0.08359925, 0.07929036, 0.04139137, ..., 0.0316235 , 0.06624806,\n",
       "         0.08365402],\n",
       "        [0.07929036, 0.07520357, 0.03925796, ..., 0.02999356, 0.06283349,\n",
       "         0.07934231],\n",
       "        [0.04139137, 0.03925796, 0.02049355, ..., 0.01565732, 0.0328005 ,\n",
       "         0.04141848],\n",
       "        ...,\n",
       "        [0.0316235 , 0.02999356, 0.01565732, ..., 0.01196238, 0.02505998,\n",
       "         0.03164422],\n",
       "        [0.06624806, 0.06283349, 0.0328005 , ..., 0.02505998, 0.05249814,\n",
       "         0.06629146],\n",
       "        [0.08365402, 0.07934231, 0.04141848, ..., 0.03164422, 0.06629146,\n",
       "         0.08370882]], dtype=float32),\n",
       " array([[0.08289543, 0.07914366, 0.04141329, ..., 0.03192934, 0.06554716,\n",
       "         0.08302363],\n",
       "        [0.07914366, 0.07556169, 0.03953896, ..., 0.03048425, 0.06258056,\n",
       "         0.07926606],\n",
       "        [0.04141329, 0.03953896, 0.02068945, ..., 0.01595141, 0.03274636,\n",
       "         0.04147734],\n",
       "        ...,\n",
       "        [0.03192934, 0.03048425, 0.01595141, ..., 0.01229842, 0.0252472 ,\n",
       "         0.03197872],\n",
       "        [0.06554716, 0.06258056, 0.03274636, ..., 0.0252472 , 0.05182952,\n",
